5.918746608118350544e-02 8.337065900000000251e-01
6.142024755738386549e-02 7.482581999999999844e-01
6.361735969345419517e-02 5.900664300000000306e-01
6.581605176149914194e-02 4.774735199999999846e-01
6.803748792300365333e-02 3.976060000000000150e-01
7.027875579734056688e-02 3.434583299999999784e-01
7.251576990008029577e-02 3.070894200000000018e-01
7.470960554382158336e-02 2.842201599999999995e-01
7.690088923414931110e-02 2.703783599999999843e-01
7.909131341631524259e-02 2.627274099999999946e-01
8.130999568181175585e-02 2.597208999999999768e-01
8.350204217880541346e-02 2.597308899999999920e-01
8.568972691902650152e-02 2.614057599999999870e-01
8.787645391974154008e-02 2.639550099999999899e-01
9.006219874027475425e-02 2.665751100000000040e-01
9.227259341971413842e-02 2.686372000000000204e-01
9.445856782479010449e-02 2.700320600000000182e-01
9.664462345744898042e-02 2.703275500000000275e-01
9.882959552344554310e-02 2.697236199999999973e-01
1.010424790738336520e-01 2.680373799999999918e-01
1.032217830442632156e-01 2.649590399999999790e-01
1.054050489776598709e-01 2.606837900000000263e-01
1.075825865175263768e-01 2.551980600000000043e-01
1.097731154181769975e-01 2.487122599999999906e-01
1.119465120560067667e-01 2.412564299999999939e-01
1.141226286511528298e-01 2.328968499999999886e-01
1.162991667423056569e-01 2.236905999999999894e-01
1.184704344446362440e-01 2.137295800000000023e-01
1.206420756134383016e-01 2.033095500000000055e-01
1.228101026152446096e-01 1.924532700000000096e-01
1.249750608574416583e-01 1.813730699999999973e-01
1.271437095474179657e-01 1.701561900000000127e-01
1.293126266218854181e-01 1.587849799999999922e-01
1.314733205513889946e-01 1.474106900000000109e-01
1.336410053289791566e-01 1.361664499999999944e-01
1.358026792740871791e-01 1.250727600000000050e-01
1.379921118503209532e-01 1.145346700000000051e-01
1.401506984537528588e-01 1.043519400000000041e-01
1.423335786719786555e-01 9.445178099999999854e-02
1.444867351244738807e-01 8.512789599999999457e-02
1.466438906747119242e-01 7.632279100000000094e-02
1.488139837596427206e-01 6.819746399999999931e-02
1.509627637905585629e-01 6.063768800000000209e-02
1.531104157387527809e-01 5.366254399999999952e-02
1.552569142438339489e-01 4.725289399999999668e-02
1.574033522795672269e-01 4.146509400000000095e-02
1.595485842430682810e-01 3.627381100000000302e-02
1.616870022383112837e-01 3.161949499999999746e-02
1.638319815109725297e-01 2.745677399999999976e-02
1.659701016374241500e-01 2.374009800000000114e-02
1.681058060695810041e-01 2.051206900000000083e-02
1.702385160574777512e-01 1.773081599999999994e-02
1.723670991021419296e-01 1.534288500000000055e-02
1.744982010439622977e-01 1.326975099999999977e-02
1.766279023411996552e-01 1.149608400000000016e-02
1.787484178261294077e-01 9.993177100000000257e-03
1.808735876975863244e-01 8.752743000000000329e-03
1.829923049940530566e-01 7.716475999999999891e-03
1.851100855717047466e-01 6.854267899999999698e-03
1.872296632156422169e-01 6.120247799999999939e-03
1.893410742524748447e-01 5.514556599999999656e-03
1.914575379419499457e-01 5.011553499999999925e-03
1.935696509381502062e-01 4.601403500000000174e-03
1.956823453997131590e-01 4.257874000000000034e-03
1.977895465394492180e-01 3.961995200000000342e-03
1.998928873324512245e-01 3.702676399999999934e-03
2.019945421115419693e-01 3.478140599999999995e-03
2.040950331774752102e-01 3.281615099999999913e-03
2.061948804222018261e-01 3.105273999999999882e-03
2.082891376927367699e-01 2.941234599999999807e-03
2.103843414312109583e-01 2.788925099999999858e-03
2.124750058534965458e-01 2.647653399999999949e-03
2.145611149740791757e-01 2.521287499999999831e-03
2.166459162400063421e-01 2.404236900000000007e-03
2.187353582276425901e-01 2.294818200000000186e-03
2.208152850547085988e-01 2.200112100000000195e-03
2.228959955741848520e-01 2.116113499999999932e-03
2.249996477530480377e-01 2.042471699999999935e-03
2.270726026287888111e-01 1.989221299999999887e-03
2.291478778875269684e-01 1.946804600000000100e-03
2.312097928135851965e-01 1.918630800000000001e-03
2.333133029239301270e-01 1.905965300000000019e-03
2.353759147064719837e-01 1.907675900000000042e-03
2.374412666251471127e-01 1.919632299999999995e-03
2.395034129132030676e-01 1.946857699999999993e-03
2.415596533683809777e-01 1.982857800000000035e-03
2.436115829590288218e-01 2.028291900000000082e-03
2.456618571301522613e-01 2.084937900000000122e-03
2.477424692760459013e-01 2.151313599999999954e-03
2.498335409634954707e-01 2.220291300000000207e-03
2.518769838075746725e-01 2.289619699999999921e-03
2.539165397267131308e-01 2.363477300000000215e-03
2.559527210218258131e-01 2.433068000000000036e-03
2.579860370947436587e-01 2.502363499999999807e-03
2.600164651838319241e-01 2.570195400000000081e-03
2.620445110037255554e-01 2.628899300000000182e-03
2.640690942017590581e-01 2.675478099999999831e-03
2.660923020246560577e-01 2.720526400000000157e-03
2.681125264560588750e-01 2.754141299999999983e-03
2.701554859807120956e-01 2.780485799999999914e-03
2.721696368880930361e-01 2.794300799999999835e-03
2.742153022331777490e-01 2.795786000000000191e-03
2.762232744587683753e-01 2.787439899999999936e-03
2.782239728540135681e-01 2.764945100000000024e-03
2.802288629159007671e-01 2.730340300000000039e-03
2.822264375118204716e-01 2.690365799999999957e-03
2.842218904031448279e-01 2.636370900000000166e-03
2.862115625948121744e-01 2.572105999999999785e-03
2.882016599680669033e-01 2.500421300000000169e-03
2.901864541965735733e-01 2.418090400000000046e-03
2.921814213384095749e-01 2.333215599999999799e-03
2.941617324772376474e-01 2.236565800000000093e-03
2.961382275262050556e-01 2.137157900000000079e-03
2.981129416215123062e-01 2.032672200000000193e-03
3.001140486268574770e-01 1.927580300000000021e-03
3.020799430984643652e-01 1.819549599999999937e-03
3.040409176108500033e-01 1.709715899999999979e-03
3.059984885853408443e-01 1.599853800000000095e-03
3.079561987812716173e-01 1.489242499999999950e-03
3.099073989992193745e-01 1.384531700000000065e-03
3.118571579080696154e-01 1.281295700000000025e-03
3.138039231823250841e-01 1.178085599999999927e-03
3.157451422560553222e-01 1.080645500000000040e-03
3.176863557486964695e-01 9.863349000000000422e-04
3.196194626272437778e-01 8.971084200000000331e-04
3.215761423852366852e-01 8.115474199999999760e-04
3.235220945326669484e-01 7.329934799999999594e-04
3.254673543595947294e-01 6.568520400000000354e-04
3.274148817594113581e-01 5.862597099999999808e-04
3.293721033840499302e-01 5.256109300000000014e-04
3.312856364244002316e-01 4.703274499999999755e-04
3.331949542699756406e-01 4.187350900000000146e-04
3.350970623218424982e-01 3.713445499999999851e-04
3.369983952623264445e-01 3.274572799999999847e-04
3.388934795834902536e-01 2.902326800000000159e-04
3.407857602847476630e-01 2.561750799999999847e-04
3.426717658192610094e-01 2.253321300000000126e-04
3.445721143191652902e-01 2.002617399999999967e-04
3.464636405847039691e-01 1.768925299999999962e-04
3.483492877257759468e-01 1.575070000000000083e-04
3.502212387805667682e-01 1.404480300000000099e-04
3.520917082755616878e-01 1.271486299999999997e-04
3.539927310282399153e-01 1.128059800000000024e-04
3.558561805158495517e-01 1.039292400000000038e-04
3.577103138036371033e-01 9.625621999999999640e-05
3.595652832180941672e-01 8.816690400000000210e-05
3.614128469568070323e-01 8.368886899999999950e-05
3.632592553403614088e-01 7.795205100000000126e-05
3.651006316739491830e-01 7.409254299999999335e-05
3.669369617153621088e-01 7.070882799999999961e-05
3.687672763758198524e-01 6.707477199999999356e-05
3.705972848725951896e-01 6.640636099999999492e-05
3.724202864096621823e-01 6.347947099999999489e-05
3.742405481383714871e-01 6.220197599999999943e-05
3.760627711240055460e-01 6.071399199999999988e-05
3.778736754146206356e-01 5.967363199999999821e-05
3.796822377413360261e-01 5.850092399999999988e-05
3.814841963093092425e-01 5.757545300000000273e-05
3.832837658559698490e-01 5.687511899999999894e-05
3.850809128246975299e-01 5.592656900000000274e-05
3.868886636956243019e-01 5.516339800000000232e-05
3.886947913173571245e-01 5.503172499999999868e-05
3.904774398729402018e-01 5.390096899999999964e-05
3.922557127290913770e-01 5.415809600000000149e-05
3.940286662494036918e-01 5.443073799999999772e-05
3.957939839584594388e-01 5.281448100000000199e-05
3.975604017301517801e-01 5.385820999999999946e-05
3.993186904154595318e-01 5.298246800000000218e-05
4.010716015547258761e-01 5.243096200000000272e-05
4.028519569030938330e-01 5.257120200000000123e-05
4.046353803201520605e-01 5.108757600000000298e-05
4.063805104555308079e-01 5.165662499999999774e-05
4.081179053424285885e-01 5.013954800000000128e-05
4.098493754924087962e-01 5.060408700000000338e-05
4.115794127712389949e-01 5.009363399999999724e-05
4.133052795057274853e-01 5.035175699999999693e-05
4.150421719176944357e-01 5.053591800000000101e-05
4.167564623943427748e-01 5.001669900000000235e-05
4.184678658581709731e-01 4.901877999999999758e-05
4.201692451130749628e-01 5.011008800000000038e-05
4.218920587620774154e-01 4.895515800000000025e-05
4.235883885023425943e-01 4.861239700000000077e-05
4.252777678235765135e-01 4.906706399999999802e-05
4.269628304033273314e-01 4.880811699999999760e-05
4.286439914049368638e-01 4.771816700000000306e-05
4.303186055383952380e-01 4.770913700000000156e-05
4.319901510199332662e-01 4.709835600000000257e-05
4.336907069259009484e-01 4.636021600000000086e-05
4.353515926684068393e-01 4.648625100000000176e-05
4.370188238809467052e-01 4.623147999999999803e-05
4.387077650652372873e-01 4.552897599999999829e-05
4.403521210031781652e-01 4.554925799999999953e-05
4.420364481055341632e-01 4.388455699999999895e-05
4.436725217199089522e-01 4.425832999999999813e-05
4.453371969280060516e-01 4.317810699999999829e-05
4.469619506529598496e-01 4.232225900000000085e-05
4.485817113678520207e-01 4.216347799999999686e-05
4.501994076191034866e-01 4.114309899999999976e-05
4.518120562944830665e-01 4.098080199999999782e-05
4.534196393131885716e-01 4.040317799999999950e-05
4.550167178844936600e-01 3.996686700000000157e-05
4.566211989302595975e-01 3.933798399999999799e-05
4.582126430962500940e-01 3.847229500000000059e-05
4.598171255405401059e-01 3.827448499999999985e-05
4.613998750562727236e-01 3.711664600000000221e-05
4.629745742175542245e-01 3.669296300000000134e-05
4.645432782764820079e-01 3.563758200000000326e-05
4.661243172194761697e-01 3.701833500000000003e-05
4.676882528102085934e-01 3.670664000000000132e-05
4.692412584146392063e-01 3.463033000000000154e-05
4.707894255568018105e-01 3.526646000000000251e-05
4.723331348726932943e-01 3.579042400000000107e-05
4.738715594879517323e-01 3.511091299999999842e-05
4.754022864630334522e-01 3.477948899999999785e-05
4.769575526022438172e-01 3.449744599999999856e-05
4.784783463076449639e-01 3.433826800000000203e-05
4.799934026406009746e-01 3.425569200000000284e-05
4.815062520150295011e-01 3.406344199999999803e-05
4.830121365335964811e-01 3.384329500000000137e-05
4.845134014089076957e-01 3.378533300000000018e-05
4.860065163672394051e-01 3.454877000000000159e-05
4.874949867035069939e-01 3.454338499999999758e-05
4.889799470857854602e-01 3.514050500000000043e-05
4.904602039999824137e-01 3.493314000000000212e-05
4.919368834755531439e-01 3.483373500000000065e-05
4.934244741213230090e-01 3.512936199999999883e-05
4.949025880376072273e-01 3.504201700000000077e-05
4.963803565850139488e-01 3.476052300000000329e-05
4.978331385587967950e-01 3.549906999999999824e-05
4.992976547771865725e-01 3.521994899999999871e-05
5.007388150763214529e-01 3.567477999999999795e-05
5.021736170878531302e-01 3.524176400000000013e-05
5.036024255658115845e-01 3.626034999999999919e-05
5.050463501682758150e-01 3.459876000000000211e-05
5.064648981183788035e-01 3.534796800000000017e-05
5.078785057662162927e-01 3.470448299999999968e-05
5.092842196275031430e-01 3.590588499999999682e-05
5.106893427638666827e-01 3.615966599999999905e-05
5.120858084016769451e-01 3.597212200000000091e-05
5.134739983569616140e-01 3.626128700000000240e-05
5.148557290825770405e-01 3.511742699999999739e-05
5.162342215933717338e-01 3.471473999999999757e-05
5.176026440230322434e-01 3.545418000000000213e-05
5.189731252743702283e-01 3.558472500000000005e-05
5.203310333658972553e-01 3.621928399999999683e-05
5.216873684807131761e-01 3.560415299999999847e-05
5.230353912909856406e-01 3.535376900000000212e-05
5.243758177180263269e-01 3.538609799999999772e-05
5.257138751127449217e-01 3.518557299999999679e-05
5.270460382734272198e-01 3.454530299999999758e-05
5.283695332322537741e-01 3.474642199999999670e-05
5.296874721968118926e-01 3.474331099999999997e-05
5.310029119116057572e-01 3.414884700000000268e-05
5.323086462035437894e-01 3.472538099999999928e-05
5.336101305889743296e-01 3.367851300000000177e-05
5.349005847092294097e-01 3.438148000000000137e-05
5.361924801487394365e-01 3.442427600000000278e-05
5.374746774178937869e-01 3.504580299999999728e-05
5.387518678317324561e-01 3.305281099999999981e-05
5.400246846582352767e-01 3.517150500000000064e-05
5.412930899714456512e-01 3.355460499999999923e-05
5.425488537296273561e-01 3.509229799999999725e-05
5.438028181467300382e-01 3.386210500000000264e-05
5.450510132060082391e-01 3.370169900000000016e-05
5.462921284797417343e-01 3.361557500000000214e-05
5.475271283727707328e-01 3.371579600000000241e-05
5.487691071755084193e-01 3.483196699999999759e-05
5.499901786422912719e-01 3.428188699999999895e-05
5.512076413182465107e-01 3.485599699999999810e-05
5.524204983136992153e-01 3.470098600000000034e-05
5.536393622380570978e-01 3.519485399999999824e-05
5.548366065698773220e-01 3.590748699999999911e-05
5.560282663554070304e-01 3.547769899999999807e-05
5.572140101477273122e-01 3.622960799999999805e-05
5.584051691533693518e-01 3.567001099999999908e-05
5.595783559023540521e-01 3.624031199999999876e-05
5.607440614158194503e-01 3.677686599999999714e-05
5.619059141925347722e-01 3.669827699999999768e-05
5.630590589369143251e-01 3.706247499999999788e-05
5.642074031526127520e-01 3.655099700000000136e-05
5.653485341857157342e-01 3.667434800000000017e-05
5.664862921512094918e-01 3.820440999999999697e-05
5.676206145661683022e-01 3.696749000000000069e-05
5.687672004468452558e-01 3.812660099999999787e-05
5.698839253617059564e-01 3.785093099999999852e-05
5.709933951851333678e-01 3.796420999999999883e-05
5.720961862384533747e-01 3.870748599999999663e-05
5.731979951826037256e-01 3.785342899999999844e-05
5.742873733070352760e-01 3.828120200000000083e-05
5.753714600933730328e-01 3.902708299999999790e-05
5.764664717355756363e-01 3.920851499999999674e-05
5.775383887876480715e-01 3.922459200000000197e-05
5.786312240082008840e-01 3.898432300000000171e-05
5.797186040107391580e-01 3.896514899999999802e-05
5.807717981559509246e-01 3.962063800000000208e-05
5.818168343157927858e-01 3.946257399999999945e-05
5.828534614646574408e-01 3.975390199999999776e-05
5.838961849358893508e-01 4.110662600000000158e-05
5.849210374534308254e-01 4.049499700000000290e-05
5.859390774212309694e-01 4.030061699999999816e-05
5.869500355426408023e-01 4.007947899999999723e-05
5.879544334233154368e-01 4.107264300000000140e-05
5.889551154370024078e-01 3.986278999999999989e-05
5.899447930400664175e-01 4.152142800000000188e-05
5.909478767266763688e-01 4.141005099999999774e-05
5.919265524561512226e-01 4.204740600000000310e-05
5.929076977472031995e-01 4.124401199999999965e-05
5.938727968471816387e-01 4.188299600000000106e-05
5.948312513996707462e-01 4.213723500000000281e-05
5.957840404692710257e-01 4.276686599999999908e-05
5.967507872092989718e-01 4.184541299999999976e-05
5.976905472223945637e-01 4.280510000000000120e-05
5.986243255315977230e-01 4.219561899999999828e-05
5.995489704510645890e-01 4.324671000000000119e-05
6.004671494849462832e-01 4.400835000000000022e-05
6.013800316767647924e-01 4.350251800000000157e-05
6.022833423695608257e-01 4.306589400000000072e-05
6.031822694947313046e-01 4.334076099999999675e-05
6.040716541796372629e-01 4.357964800000000333e-05
6.049681002775677552e-01 4.292133599999999695e-05
6.058461892227111623e-01 4.469966600000000199e-05
6.067179452038317100e-01 4.507657699999999842e-05
6.075811024319753839e-01 4.419075300000000194e-05
6.084501729375508816e-01 4.615299799999999792e-05
6.092996519202740213e-01 4.470518999999999947e-05
6.101447390145857685e-01 4.472723000000000307e-05
6.109908005562902922e-01 4.498858200000000233e-05
6.118208171802407280e-01 4.613179200000000252e-05
6.126444124881714748e-01 4.562761100000000010e-05
6.134600824012876874e-01 4.605420200000000247e-05
6.142688957753831280e-01 4.644071999999999876e-05
6.150702182653173811e-01 4.682371200000000317e-05
6.158650902646565228e-01 4.679096900000000164e-05
6.166541066476266542e-01 4.623934400000000335e-05
6.174372315801811562e-01 4.659507799999999692e-05
6.182118132071154903e-01 4.744013700000000125e-05
6.189798804335087112e-01 4.744113999999999824e-05
6.197416114421759881e-01 4.881709099999999925e-05
6.204997226146102829e-01 4.851287100000000168e-05
6.212321912496973075e-01 4.810052300000000093e-05
6.217383225874819619e-01 4.880231399999999687e-05
