9.952183895568224303e-02 8.653141899999999831e-01
1.016656431503354108e-01 8.496687200000000439e-01
1.038077496604302569e-01 8.084945999999999522e-01
1.059464610614210822e-01 7.684334499999999624e-01
1.080878929064440497e-01 7.289442099999999813e-01
1.102269972941059134e-01 6.898470199999999775e-01
1.123626378578594653e-01 6.510368800000000400e-01
1.144981355547243923e-01 6.128405700000000289e-01
1.166340209777988052e-01 5.751669499999999546e-01
1.187624811509602335e-01 5.376685900000000018e-01
1.209212974852750533e-01 5.013936300000000346e-01
1.230481767042098662e-01 4.660821700000000178e-01
1.251786784224057369e-01 4.317075799999999797e-01
1.273066672513035735e-01 3.984366200000000191e-01
1.294620550667466008e-01 3.659285099999999846e-01
1.315827170173427263e-01 3.350804700000000191e-01
1.337074468986191311e-01 3.057523200000000219e-01
1.358279118706316180e-01 2.780168000000000084e-01
1.379479634455497705e-01 2.513018699999999828e-01
1.400974024709183419e-01 2.264451000000000103e-01
1.422176303965102528e-01 2.032152100000000072e-01
1.443329521998780451e-01 1.816099800000000042e-01
1.464461071978740703e-01 1.615376900000000115e-01
1.485785487763951196e-01 1.431953900000000057e-01
1.506889367491848764e-01 1.263518299999999983e-01
1.528036854122415134e-01 1.109089899999999990e-01
1.549095724555288045e-01 9.698322900000000413e-02
1.570603809567615861e-01 8.430234000000000338e-02
1.591638374545668033e-01 7.310574899999999765e-02
1.612649642846996911e-01 6.304836299999999616e-02
1.633681190152538876e-01 5.408045899999999739e-02
1.654645164128078216e-01 4.618354100000000156e-02
1.675623433986434263e-01 3.931425799999999776e-02
1.696582916977743827e-01 3.327664400000000106e-02
1.717496103042611688e-01 2.802973599999999954e-02
1.738411882806673858e-01 2.343584900000000165e-02
1.759280957572283421e-01 1.951787300000000155e-02
1.780135808856148361e-01 1.617452100000000073e-02
1.800954450041055699e-01 1.336834500000000023e-02
1.821807275193415843e-01 1.097027100000000019e-02
1.842585414833693425e-01 8.964073300000000022e-03
1.863380910746003927e-01 7.281957700000000165e-03
1.884355803932843132e-01 5.940097699999999890e-03
1.905119914808562631e-01 4.860312099999999913e-03
1.925830243977651735e-01 4.005009799999999752e-03
1.946556810064520582e-01 3.331056099999999808e-03
1.967450191685470584e-01 2.825983099999999828e-03
1.988121859317703299e-01 2.475459800000000005e-03
2.008798129980759462e-01 2.253842600000000029e-03
2.029381972918585242e-01 2.134589300000000207e-03
2.049975358720184659e-01 2.107135899999999871e-03
2.070749495676474095e-01 2.163603899999999927e-03
2.091307209377898380e-01 2.289860900000000206e-03
2.111825429901764140e-01 2.475532500000000077e-03
2.132320009930348814e-01 2.713526099999999993e-03
2.152806728404418335e-01 3.003345900000000020e-03
2.173237331075563439e-01 3.337845299999999977e-03
2.193648967279993589e-01 3.709182499999999841e-03
2.214089242609166008e-01 4.110657400000000336e-03
2.234419661221845321e-01 4.546610000000000408e-03
2.254756995026921396e-01 5.008004100000000396e-03
2.275090304015757181e-01 5.500798799999999725e-03
2.295371664941832368e-01 6.015081099999999847e-03
2.315611519038630328e-01 6.542427499999999702e-03
2.335899412704001699e-01 7.088956599999999761e-03
2.356108345347277255e-01 7.647112699999999985e-03
2.376301457208419010e-01 8.207954899999999818e-03
2.396467967939283072e-01 8.772014399999999990e-03
2.416586654178890514e-01 9.336289700000000025e-03
2.436657375410639925e-01 9.893534500000000440e-03
2.456737579983007402e-01 1.044855500000000000e-02
2.476785069345517898e-01 1.098289700000000015e-02
2.496794420168342299e-01 1.149840199999999958e-02
2.516796733017979126e-01 1.199226999999999932e-02
2.536770871985226106e-01 1.246215099999999944e-02
2.556737407894619785e-01 1.289684500000000053e-02
2.576623351966606523e-01 1.330056699999999925e-02
2.596506460513044456e-01 1.366138000000000075e-02
2.616344990147987382e-01 1.398406200000000023e-02
2.636211143857539185e-01 1.426831200000000001e-02
2.656001234078534945e-01 1.451897000000000083e-02
2.675756470341674742e-01 1.470144100000000086e-02
2.695512669792162197e-01 1.484272799999999948e-02
2.715238647513158465e-01 1.493420999999999985e-02
2.734964956719247442e-01 1.498303699999999940e-02
2.754839740442563967e-01 1.498345000000000059e-02
2.774463121933404830e-01 1.493412799999999964e-02
2.794096266823548058e-01 1.482065299999999961e-02
2.813590959195156338e-01 1.466741899999999925e-02
2.833441060434784831e-01 1.447403100000000005e-02
2.852938347155615229e-01 1.424306200000000078e-02
2.872413823486141826e-01 1.396951400000000058e-02
2.891892536306815420e-01 1.365282500000000038e-02
2.911278052015539020e-01 1.329286900000000056e-02
2.930656242288026680e-01 1.291826700000000064e-02
2.949996536946233872e-01 1.251606700000000051e-02
2.969288687338824118e-01 1.209111099999999987e-02
2.988552635988092621e-01 1.163480400000000033e-02
3.008194056577744857e-01 1.116159000000000075e-02
3.027390157724274555e-01 1.067034799999999964e-02
3.046807036258908918e-01 1.018391499999999998e-02
3.065984533283580005e-01 9.685686100000000243e-03
3.085077774626369118e-01 9.186006199999999233e-03
3.104111648278015112e-01 8.675339699999999599e-03
3.123155480359284253e-01 8.174542400000000056e-03
3.142124692069618863e-01 7.685960300000000030e-03
3.161103254303213039e-01 7.196296700000000268e-03
3.180011829468964990e-01 6.719016500000000135e-03
3.198924207145363297e-01 6.250651099999999898e-03
3.217771196471359563e-01 5.797419899999999710e-03
3.236567460036195998e-01 5.352564300000000296e-03
3.255542802444705286e-01 4.934499400000000313e-03
3.274310030891193768e-01 4.534077899999999946e-03
3.292986888530084477e-01 4.147894699999999865e-03
3.311661022585544734e-01 3.781249999999999889e-03
3.330662058740474496e-01 3.428196200000000176e-03
3.349285249329859160e-01 3.104649699999999929e-03
3.367865976029550956e-01 2.803046799999999849e-03
3.386384763863786729e-01 2.515623600000000022e-03
3.404831925259876879e-01 2.253169699999999984e-03
3.423284327811381145e-01 2.012382599999999831e-03
3.441669584620120625e-01 1.787460600000000035e-03
3.460006806476266794e-01 1.586027999999999960e-03
3.478324492311599681e-01 1.395820699999999895e-03
3.496793806560859474e-01 1.227197800000000023e-03
3.515028290702059133e-01 1.074007899999999960e-03
3.533256668901252895e-01 9.421745299999999919e-04
3.551469054843475748e-01 8.181663600000000248e-04
3.569882308550540451e-01 7.124699300000000499e-04
3.587995181059563943e-01 6.184243700000000531e-04
3.606053659088730434e-01 5.397498800000000195e-04
3.624048253577336620e-01 4.721528299999999787e-04
3.642002321546040644e-01 4.154281100000000154e-04
3.659953016849929464e-01 3.651073499999999967e-04
3.677857954465416634e-01 3.252713999999999974e-04
3.695721613428202268e-01 2.945434400000000058e-04
3.713511334301856093e-01 2.694477900000000117e-04
3.731532465468890836e-01 2.531476500000000122e-04
3.749270595299379338e-01 2.411613000000000114e-04
3.767136992815259267e-01 2.348967899999999964e-04
3.784951105127890569e-01 2.345411099999999971e-04
3.802552437157630250e-01 2.388800599999999939e-04
3.820092853131641375e-01 2.448709799999999924e-04
3.837585968569017236e-01 2.577666499999999895e-04
3.855290863815721281e-01 2.699299900000000254e-04
3.872701860545492702e-01 2.877775600000000047e-04
3.890078578374755458e-01 3.075037100000000225e-04
3.907357558062066749e-01 3.286396300000000124e-04
3.924881212401531427e-01 3.510324000000000105e-04
3.942103725092672151e-01 3.766326200000000247e-04
3.959295638974009712e-01 4.031869499999999836e-04
3.976461125779263139e-01 4.314101299999999867e-04
3.993568660333166598e-01 4.600971699999999946e-04
4.010649267699250009e-01 4.914532600000000306e-04
4.027902087914838614e-01 5.215636600000000261e-04
4.044891945497630092e-01 5.523889700000000381e-04
4.061823201641738268e-01 5.843760499999999664e-04
4.078955198449340513e-01 6.185118800000000356e-04
4.095755145484685222e-01 6.533069600000000494e-04
4.112509434375625772e-01 6.908965399999999904e-04
4.129261488908129718e-01 7.272903500000000221e-04
4.146310828262151360e-01 7.624681200000000408e-04
4.163021230181442878e-01 7.975227499999999834e-04
4.179593877757854514e-01 8.336042200000000390e-04
4.196150093309767293e-01 8.710465499999999655e-04
4.212680835024363857e-01 9.070538699999999973e-04
4.229121420190730674e-01 9.424987100000000373e-04
4.245544712765217388e-01 9.769294799999998953e-04
4.261899115928247661e-01 1.011256400000000010e-03
4.278205884569604156e-01 1.045073000000000096e-03
4.294430933987103405e-01 1.079393799999999945e-03
4.310654663549792209e-01 1.109622499999999949e-03
4.326830138171620654e-01 1.143049500000000102e-03
4.342978176685782232e-01 1.173562200000000024e-03
4.359035598839743342e-01 1.202946000000000093e-03
4.375077747957282770e-01 1.229121099999999937e-03
4.391058359117491205e-01 1.257052800000000095e-03
4.407010559645712089e-01 1.279851000000000035e-03
4.422859530079966128e-01 1.305374399999999907e-03
4.438683934415338928e-01 1.325243899999999911e-03
4.454454592333854657e-01 1.343603899999999945e-03
4.470187754800103996e-01 1.360036800000000070e-03
4.485887212416350134e-01 1.377572299999999970e-03
4.501511923489245892e-01 1.389171899999999899e-03
4.517098468773844688e-01 1.397280199999999944e-03
4.532634421734043073e-01 1.406117900000000004e-03
4.548127670806231260e-01 1.408765900000000064e-03
4.563553855227834855e-01 1.415858600000000078e-03
4.578932984887845725e-01 1.416205499999999978e-03
4.594224935643568264e-01 1.415529700000000028e-03
4.609493542807711619e-01 1.412717800000000022e-03
4.624714567853664970e-01 1.407088799999999971e-03
4.639883849267424365e-01 1.397663499999999897e-03
4.655032714954576156e-01 1.388474100000000036e-03
4.670082197295101767e-01 1.376355400000000033e-03
4.685091267251469960e-01 1.359959200000000062e-03
4.700040152893376622e-01 1.344962400000000030e-03
4.714940416930635814e-01 1.328215800000000051e-03
4.729818932724222380e-01 1.307432400000000002e-03
4.744590394635908037e-01 1.284813000000000101e-03
4.759355085683041886e-01 1.260727199999999966e-03
4.774058761260822625e-01 1.234755400000000060e-03
4.788693713898567461e-01 1.208558200000000053e-03
4.803286541610129468e-01 1.180570400000000063e-03
4.817829384801349257e-01 1.152831300000000097e-03
4.832333351463693472e-01 1.122973300000000086e-03
4.846903299557093758e-01 1.090708599999999900e-03
4.861294435431815497e-01 1.058486699999999997e-03
4.875985212132256108e-01 1.025972499999999949e-03
4.890239770212176929e-01 9.935373200000000883e-04
4.904498861327102333e-01 9.592339900000000381e-04
4.918617921288932493e-01 9.256294200000000265e-04
4.932737267840867634e-01 8.920436399999999606e-04
4.946819532609398329e-01 8.550182200000000206e-04
4.960791505745130725e-01 8.215708099999999986e-04
4.974842297447629735e-01 7.878672299999999861e-04
4.988746152667320466e-01 7.537381300000000218e-04
5.002759459749996918e-01 7.207850199999999655e-04
5.016536053134634798e-01 6.863328199999999771e-04
5.030238559444375479e-01 6.510800900000000271e-04
5.043902583121325778e-01 6.208830000000000252e-04
5.057471125993503458e-01 5.901484700000000482e-04
5.071007959742772631e-01 5.611913799999999463e-04
5.084603865868573269e-01 5.325769299999999614e-04
5.098012606568210758e-01 5.036265199999999474e-04
5.111392263638681044e-01 4.771767300000000103e-04
5.124728470801371838e-01 4.506309799999999740e-04
5.137962255615086127e-01 4.241161499999999865e-04
5.151149008049301647e-01 3.987833600000000186e-04
5.164370513715739186e-01 3.743370600000000084e-04
5.177451778148760564e-01 3.509240999999999966e-04
5.190712320298838112e-01 3.293508100000000255e-04
5.203656217723580113e-01 3.075231800000000158e-04
5.216582348812239811e-01 2.877179899999999981e-04
5.229714007862641401e-01 2.682232599999999877e-04
5.242651402218202472e-01 2.518843700000000015e-04
5.255638016511773314e-01 2.334348800000000089e-04
5.268322746803452139e-01 2.177720499999999913e-04
5.280922099160301197e-01 2.037438300000000079e-04
5.293462427548881744e-01 1.892829599999999940e-04
5.306099596996696199e-01 1.763327799999999919e-04
5.318536886220008864e-01 1.641219199999999928e-04
5.330898481055897919e-01 1.539858199999999866e-04
5.343222916954446511e-01 1.431550299999999960e-04
5.355605357087146468e-01 1.334418799999999923e-04
5.367818713792068541e-01 1.253615899999999952e-04
5.379937043567633026e-01 1.182307099999999934e-04
5.392007836078241967e-01 1.111341100000000045e-04
5.404018268611173736e-01 1.054493699999999983e-04
5.415968206717544087e-01 9.912871500000000624e-05
5.427981237381274138e-01 9.496381299999999588e-05
5.439839921876723494e-01 9.057938799999999593e-05
5.451603720659305985e-01 8.647951100000000110e-05
5.463312614555224656e-01 8.417581900000000675e-05
5.474930025930769828e-01 8.150622400000000136e-05
5.486495476346529010e-01 7.911527599999999892e-05
5.498017684713090159e-01 7.774700500000000661e-05
5.509487289913724828e-01 7.533661200000000592e-05
5.520915878737699956e-01 7.511599499999999671e-05
5.532426830040220178e-01 7.385334399999999341e-05
5.543686258052258342e-01 7.422709300000000039e-05
5.554889622509791014e-01 7.313060799999999593e-05
5.566042501183491309e-01 7.452565799999999539e-05
5.577314709370950752e-01 7.550922799999999519e-05
5.588327419137449903e-01 7.585041000000000211e-05
5.599297658065831573e-01 7.536331699999999705e-05
5.610205118413701397e-01 7.736772199999999468e-05
5.621142673018477698e-01 7.860303299999999631e-05
5.631909659816739522e-01 8.096390099999999513e-05
5.642624807190811387e-01 8.312721999999999386e-05
5.653539718542227588e-01 8.496350699999999975e-05
5.664178993680965002e-01 8.702299900000000073e-05
5.674721346328649441e-01 9.031372299999999853e-05
5.685178128765282501e-01 9.221104400000000232e-05
5.695568534415550443e-01 9.371484900000000002e-05
5.705903237250601334e-01 9.524371899999999611e-05
5.716144613442696309e-01 9.796132499999999504e-05
5.726346133866661026e-01 1.012865800000000056e-04
5.736491423194511885e-01 1.045228600000000057e-04
5.746556652819496680e-01 1.066068000000000039e-04
5.756560222081893441e-01 1.092807799999999976e-04
5.766476122125102632e-01 1.119391799999999991e-04
5.776361188514943512e-01 1.139998000000000058e-04
5.786168736451361427e-01 1.166242200000000020e-04
5.795926783778485580e-01 1.217118200000000039e-04
5.805685256197109512e-01 1.217037599999999957e-04
5.815312719163258093e-01 1.251756000000000082e-04
5.824867498746858496e-01 1.272813800000000028e-04
5.834366902484565687e-01 1.298354799999999992e-04
5.843923260929325680e-01 1.331107299999999879e-04
5.853263992028044926e-01 1.353328600000000038e-04
5.862549062588244819e-01 1.385849400000000115e-04
5.871787752989052755e-01 1.402141699999999945e-04
5.880922423831943524e-01 1.436540800000000095e-04
5.890019961176203855e-01 1.456738699999999924e-04
5.899035074090551722e-01 1.483993000000000074e-04
5.908000623542207785e-01 1.508713999999999867e-04
5.916999350223274279e-01 1.532588000000000038e-04
5.925820176568299402e-01 1.556327600000000024e-04
5.934579324110886844e-01 1.579024800000000000e-04
5.943281109362491543e-01 1.608548999999999971e-04
5.951938677145179879e-01 1.626628699999999885e-04
5.960482452816439070e-01 1.644506400000000034e-04
5.968979646007231965e-01 1.663260200000000078e-04
5.977403416903592781e-01 1.690700499999999958e-04
5.985821161418074521e-01 1.703785799999999872e-04
5.994110662812484058e-01 1.727669199999999888e-04
6.002330997084497355e-01 1.753281700000000110e-04
6.010532990825208088e-01 1.767423900000000098e-04
6.018784685247371424e-01 1.791397699999999933e-04
6.026807945161140045e-01 1.803514400000000122e-04
6.034780268840246320e-01 1.829120200000000011e-04
6.042735967279490028e-01 1.842347799999999986e-04
6.050561930815391287e-01 1.861080999999999944e-04
6.058316030092093518e-01 1.888836600000000062e-04
6.066020233376394621e-01 1.905492800000000006e-04
6.073802504498073684e-01 1.911458500000000056e-04
6.081355069551394044e-01 1.936527900000000098e-04
6.088858867922195550e-01 1.951317399999999967e-04
6.096265185087059724e-01 1.961502599999999884e-04
6.103466081218036354e-01 1.973969600000000048e-04
6.108490343848789195e-01 1.994212599999999915e-04
