5.168924931168113190e-02 8.462625099999999678e-01
5.190245600274721177e-02 8.456513399999999736e-01
5.293803500911137272e-02 8.441311999999999705e-01
5.481285846965003317e-02 8.374834399999999679e-01
5.701829674832889494e-02 8.048378299999999763e-01
5.923626092281870231e-02 6.467193100000000472e-01
6.143408648832821006e-02 4.520686600000000110e-01
6.362550026292002059e-02 3.189141699999999968e-01
6.582020792514181595e-02 2.294063199999999969e-01
6.805191958726022894e-02 1.696227399999999941e-01
7.024454253118606051e-02 1.315398000000000123e-01
7.243695015358415923e-02 1.079784500000000036e-01
7.462683239968856408e-02 9.433562900000000417e-02
7.681587968326483717e-02 8.754665699999999995e-02
7.900977517921815851e-02 8.589685099999999629e-02
8.119821779777806892e-02 8.768007899999999410e-02
8.338689156565325111e-02 9.159923100000000318e-02
8.557292027507572285e-02 9.724334900000000670e-02
8.778021290064355608e-02 1.032356200000000002e-01
8.996372163571944580e-02 1.095161099999999998e-01
9.214963939706051488e-02 1.159260700000000061e-01
9.433053996958117027e-02 1.223361599999999993e-01
9.654393964398795547e-02 1.285441499999999959e-01
9.872439457142780095e-02 1.340277699999999905e-01
1.009031756351399106e-01 1.391584399999999944e-01
1.030830984928031019e-01 1.435560100000000117e-01
1.052590273429270390e-01 1.471818099999999963e-01
1.074604377510366138e-01 1.498899599999999888e-01
1.096538134210115756e-01 1.515089699999999928e-01
1.118855994220526034e-01 1.519497599999999893e-01
1.140515138193652356e-01 1.516287799999999908e-01
1.162240807264401377e-01 1.502918500000000046e-01
1.183930816413771986e-01 1.480838100000000102e-01
1.205647136726342161e-01 1.450420699999999952e-01
1.227293426155576517e-01 1.411375500000000005e-01
1.248988092237779540e-01 1.364603299999999908e-01
1.270612306173992401e-01 1.311419900000000138e-01
1.292216673797974280e-01 1.251590300000000044e-01
1.314150251070961284e-01 1.187683900000000015e-01
1.335961704544427753e-01 1.119248500000000063e-01
1.357802902867875361e-01 1.049079799999999979e-01
1.379364306264100892e-01 9.782354499999999786e-02
1.400932739271767424e-01 9.066945799999999445e-02
1.422446162189457131e-01 8.357472200000000406e-02
1.443960514772303361e-01 7.657438699999999376e-02
1.465453098048365155e-01 6.979042900000000105e-02
1.486957289139428373e-01 6.328384900000000313e-02
1.508422414251289756e-01 5.710880399999999912e-02
1.529853877571213105e-01 5.126793799999999901e-02
1.551329704468056292e-01 4.578693100000000293e-02
1.572732263417146170e-01 4.069058300000000239e-02
1.594345944869675624e-01 3.613705999999999863e-02
1.615729618709954851e-01 3.197173500000000113e-02
1.637050645433308638e-01 2.820089500000000013e-02
1.658442437695386296e-01 2.478548499999999946e-02
1.680215831509016822e-01 2.171487399999999859e-02
1.701536397709971782e-01 1.907344399999999843e-02
1.722826788322222857e-01 1.678107399999999999e-02
1.744114515054648873e-01 1.477107499999999983e-02
1.765349443386489414e-01 1.301622300000000038e-02
1.786575697854635436e-01 1.152150600000000080e-02
1.807787481259167384e-01 1.026186999999999933e-02
1.828984540278161264e-01 9.201796999999999407e-03
1.850122479099556849e-01 8.296583800000000009e-03
1.871245273373602358e-01 7.512668400000000260e-03
1.892402232728057632e-01 6.850313900000000109e-03
1.913477427105765016e-01 6.290007700000000042e-03
1.934525761486182160e-01 5.822684800000000119e-03
1.955596428125813968e-01 5.415194499999999647e-03
1.976623243154545795e-01 5.046009500000000342e-03
1.997885441703892428e-01 4.720199100000000043e-03
2.018867538564712849e-01 4.429403099999999760e-03
2.039821592466765643e-01 4.166010099999999973e-03
2.060829296676965627e-01 3.920360300000000006e-03
2.082130161094380150e-01 3.684316600000000184e-03
2.103014592227690216e-01 3.461885400000000185e-03
2.123864633906862032e-01 3.251113500000000090e-03
2.144767065948816887e-01 3.051756200000000155e-03
2.165612797914149568e-01 2.863716699999999896e-03
2.186417979384993049e-01 2.686542000000000097e-03
2.207231186709623372e-01 2.525672499999999810e-03
2.227976324854197276e-01 2.376768699999999828e-03
2.248707356051819206e-01 2.243048599999999861e-03
2.269634501726500997e-01 2.129827600000000140e-03
2.290341635385308994e-01 2.038574999999999936e-03
2.310996144123118323e-01 1.965907900000000118e-03
2.331614028668255456e-01 1.915103299999999916e-03
2.352485088764500187e-01 1.892951799999999978e-03
2.373044873956830225e-01 1.894274800000000101e-03
2.393642411306858009e-01 1.916568700000000026e-03
2.414164884343978912e-01 1.962682400000000018e-03
2.434660332394684712e-01 2.033544799999999816e-03
2.455149866115320101e-01 2.127874100000000119e-03
2.475771692207202057e-01 2.239811899999999845e-03
2.496168452611209343e-01 2.368351099999999911e-03
2.516542626955177164e-01 2.508800399999999969e-03
2.536941717705373245e-01 2.665654600000000145e-03
2.557248710156542759e-01 2.830791500000000207e-03
2.577548299093291306e-01 3.006360699999999827e-03
2.597845450627560560e-01 3.183277600000000186e-03
2.618044861068387630e-01 3.357609599999999885e-03
2.638283570872900774e-01 3.530797000000000015e-03
2.658445327139586922e-01 3.694017899999999834e-03
2.678624658483259036e-01 3.854802899999999928e-03
2.698752947563915483e-01 4.004017300000000008e-03
2.718871957039472043e-01 4.137689400000000087e-03
2.738892477205350784e-01 4.251219399999999794e-03
2.758939893379385166e-01 4.350176100000000337e-03
2.779138818176443704e-01 4.434291800000000200e-03
2.799123858954596367e-01 4.495609599999999574e-03
2.819087908761449546e-01 4.532344100000000250e-03
2.838973626792539173e-01 4.545062199999999955e-03
2.859138405951078266e-01 4.538591100000000274e-03
2.878980656404782623e-01 4.511758099999999862e-03
2.898801003983165203e-01 4.465799000000000331e-03
2.918583713318300688e-01 4.399573199999999573e-03
2.938374899186051437e-01 4.310878800000000032e-03
2.958091941097976685e-01 4.204570799999999761e-03
2.977827135357561938e-01 4.083653999999999930e-03
2.997498085656837286e-01 3.950229399999999683e-03
3.017084285112397457e-01 3.801742900000000189e-03
3.036891895952175124e-01 3.642480200000000091e-03
3.056445711466533321e-01 3.472379099999999864e-03
3.075934772112605131e-01 3.299647100000000204e-03
3.095445296925479206e-01 3.122380499999999857e-03
3.115199666862344952e-01 2.940769499999999932e-03
3.134624743883659415e-01 2.758416599999999851e-03
3.153959135073016173e-01 2.574400499999999863e-03
3.173359113977352597e-01 2.395229500000000192e-03
3.192678067519828522e-01 2.217844799999999904e-03
3.211936108574205972e-01 2.048034900000000099e-03
3.231163223062543666e-01 1.879657600000000060e-03
3.250369168975368317e-01 1.721542900000000041e-03
3.269538672181439565e-01 1.566959199999999998e-03
3.288835909586907968e-01 1.426069099999999895e-03
3.307941508743346137e-01 1.292641399999999892e-03
3.326990132255914778e-01 1.164875400000000031e-03
3.346006445325864220e-01 1.049878900000000056e-03
3.365296644727713837e-01 9.409005000000000016e-04
3.384227267937711114e-01 8.443874999999999992e-04
3.403110161497065467e-01 7.574718400000000169e-04
3.422004126795750723e-01 6.774388899999999551e-04
3.440849819566053069e-01 6.048574200000000423e-04
3.459617732584985283e-01 5.433961400000000093e-04
3.478390900416307163e-01 4.908313900000000176e-04
3.497076264575922355e-01 4.440733999999999892e-04
3.515727404597091543e-01 4.032328100000000205e-04
3.534373191948620430e-01 3.676646000000000102e-04
3.552969628209550201e-01 3.378122400000000141e-04
3.571516567007406162e-01 3.130369199999999993e-04
3.589989760147356268e-01 2.944544499999999739e-04
3.608475802244106578e-01 2.787409099999999733e-04
3.626887747939690487e-01 2.656279300000000208e-04
3.645273502030166868e-01 2.569511399999999828e-04
3.663561089646568680e-01 2.490355699999999891e-04
3.681922321565979650e-01 2.437730200000000000e-04
3.700175463120163322e-01 2.409157399999999906e-04
3.718387205250574534e-01 2.376168500000000016e-04
3.736576284187501096e-01 2.366772399999999871e-04
3.754695124791981309e-01 2.358446500000000053e-04
3.772804991325209856e-01 2.354711300000000048e-04
3.790849025531671801e-01 2.361156699999999910e-04
3.808874100441630439e-01 2.370886800000000111e-04
3.826814330545149079e-01 2.369352499999999979e-04
3.844749182356140826e-01 2.363771100000000114e-04
3.862626955387007399e-01 2.361529999999999868e-04
3.880456842829075326e-01 2.380026099999999910e-04
3.898261852431363361e-01 2.373429799999999927e-04
3.916000038988557974e-01 2.368747400000000068e-04
3.933689822420982085e-01 2.379807700000000081e-04
3.951358641158477791e-01 2.372664699999999936e-04
3.969166727305483700e-01 2.378878100000000103e-04
3.986723440750716829e-01 2.382952400000000112e-04
4.004262987238939031e-01 2.377207100000000030e-04
4.021766745644029251e-01 2.384961100000000092e-04
4.039520576272560004e-01 2.390485799999999921e-04
4.056946681691546708e-01 2.399421399999999971e-04
4.074291039530175129e-01 2.420762399999999942e-04
4.091621330059876938e-01 2.449815700000000174e-04
4.108878686409576653e-01 2.474341499999999864e-04
4.126072094762737175e-01 2.504028399999999968e-04
4.143246206026193756e-01 2.538228100000000263e-04
4.160351575000565960e-01 2.594772500000000134e-04
4.177441539240586144e-01 2.643626999999999956e-04
4.194431417476451873e-01 2.688962699999999733e-04
4.211387776468853983e-01 2.745103699999999845e-04
4.228323542845671690e-01 2.801823800000000217e-04
4.245194340862474269e-01 2.875355700000000033e-04
4.262061506228231877e-01 2.945290799999999770e-04
4.278845789340596784e-01 3.003328500000000158e-04
4.295547301557088860e-01 3.076666399999999956e-04
4.312266125201723588e-01 3.149766400000000052e-04
4.328906162824681658e-01 3.231238399999999803e-04
4.345497741193260488e-01 3.308186300000000063e-04
4.362040674575664023e-01 3.362016299999999783e-04
4.378560551788049371e-01 3.432686400000000250e-04
4.394984149046854971e-01 3.503903500000000223e-04
4.411405645675322007e-01 3.569603099999999786e-04
4.427764833628738961e-01 3.626333800000000086e-04
4.444065889839006189e-01 3.677447299999999915e-04
4.460283322657767058e-01 3.719336900000000260e-04
4.476497406826121517e-01 3.779405000000000112e-04
4.492724349198394806e-01 3.798307799999999738e-04
4.508799896536164753e-01 3.817508500000000009e-04
4.524837638262999562e-01 3.853228800000000156e-04
4.540853937903295834e-01 3.863431599999999949e-04
4.556790208436945488e-01 3.878718700000000205e-04
4.572658966791983137e-01 3.868576100000000015e-04
4.588489073610959590e-01 3.846932200000000132e-04
4.604407702074625464e-01 3.840939699999999834e-04
4.620150999229860611e-01 3.784712600000000068e-04
4.635834380032352597e-01 3.752052699999999883e-04
4.651437393186366176e-01 3.709308699999999941e-04
4.667004784837803788e-01 3.662498899999999907e-04
4.682536218008310214e-01 3.601043300000000163e-04
4.698003141900193858e-01 3.540766200000000055e-04
4.713429607192022308e-01 3.463085799999999917e-04
4.728795302860533400e-01 3.383589599999999877e-04
4.744175932554106079e-01 3.304627200000000045e-04
4.759701790055775872e-01 3.222779499999999897e-04
4.774926967566104352e-01 3.119943000000000022e-04
4.790256488167631832e-01 3.023082900000000268e-04
4.805350265763330131e-01 2.927705099999999990e-04
4.820417766717253194e-01 2.806916699999999925e-04
4.835427288887232389e-01 2.705526299999999975e-04
4.850530436158900227e-01 2.596727099999999989e-04
4.865430822905953967e-01 2.497665000000000150e-04
4.880265073064217751e-01 2.380279500000000018e-04
4.895056235081325924e-01 2.277542299999999907e-04
4.909773347297137214e-01 2.172768600000000040e-04
4.924424097912967757e-01 2.071409099999999947e-04
4.939031280634649246e-01 1.968741500000000097e-04
4.953712098523082030e-01 1.863850399999999877e-04
4.968189284897892577e-01 1.761520800000000091e-04
4.982667475747668551e-01 1.666204600000000056e-04
4.997059683639480943e-01 1.579914999999999933e-04
5.011399684673165655e-01 1.484783600000000087e-04
5.025672405272683108e-01 1.401330700000000132e-04
5.039925951275885385e-01 1.314300299999999957e-04
5.054089652617729245e-01 1.237025200000000118e-04
5.068196806263014498e-01 1.159081700000000006e-04
5.082269203758180698e-01 1.086777700000000029e-04
5.096237196357850108e-01 1.019162299999999937e-04
5.110159263312682443e-01 9.575731899999999743e-05
5.124031501675628819e-01 9.076133400000000091e-05
5.137875258377756493e-01 8.532789900000000403e-05
5.151801104885442850e-01 7.876612499999999966e-05
5.165510946624268795e-01 7.435429199999999870e-05
5.179145197708557857e-01 7.090978699999999431e-05
5.192749927625381900e-01 6.697854899999999649e-05
5.206525416928223793e-01 6.311244299999999323e-05
5.220016071372677313e-01 6.038237100000000044e-05
5.233434200656111868e-01 5.682538900000000306e-05
5.246807652414786638e-01 5.431523500000000039e-05
5.260101478114090900e-01 5.248422900000000073e-05
5.273370942886617119e-01 5.073550099999999839e-05
5.286546822589877070e-01 4.865640999999999787e-05
5.299649923662764772e-01 4.789798100000000256e-05
5.312707483253432672e-01 4.633120700000000034e-05
5.325732706377928061e-01 4.520169200000000273e-05
5.338671175666985791e-01 4.480876199999999970e-05
5.351560003499464813e-01 4.503677899999999803e-05
5.364398905023778363e-01 4.343325499999999993e-05
5.377157700142453089e-01 4.384352299999999747e-05
5.389853058313017753e-01 4.299662399999999994e-05
5.402725062368642917e-01 4.383849499999999675e-05
5.415442719830696472e-01 4.418850199999999761e-05
5.428183157885194676e-01 4.467964199999999983e-05
5.440906072642479607e-01 4.440489900000000299e-05
5.453671916611828596e-01 4.551124799999999683e-05
5.466010394841848141e-01 4.651894099999999822e-05
5.478476054759496838e-01 4.616010999999999942e-05
5.490681478465364584e-01 4.746693800000000181e-05
5.502847629208386104e-01 4.760123799999999814e-05
5.514986612616988859e-01 4.731534800000000213e-05
5.527022669359838991e-01 4.810675500000000186e-05
5.538990532644331166e-01 4.953081600000000062e-05
5.550874683199351622e-01 4.928362999999999895e-05
5.562733852375353338e-01 4.952912000000000124e-05
5.574509107859609847e-01 4.989514400000000314e-05
5.586371322850415266e-01 5.069633399999999741e-05
5.598029999961554593e-01 5.094365300000000296e-05
5.609622930675564056e-01 5.154884600000000271e-05
5.621138040825280902e-01 5.268002600000000159e-05
5.632694722964992629e-01 5.377203099999999759e-05
5.644128022036370984e-01 5.436800600000000165e-05
5.655630465067817969e-01 5.247533699999999668e-05
5.667099983430402554e-01 5.391099400000000299e-05
5.678684540190956920e-01 5.481385499999999732e-05
5.689827369773367005e-01 5.533119500000000277e-05
5.700906505484500952e-01 5.529368800000000273e-05
5.712168173835086016e-01 5.586737799999999960e-05
5.723237712652696763e-01 5.630940300000000152e-05
5.734091746039724491e-01 5.562274399999999892e-05
5.744904470412613984e-01 5.523469199999999968e-05
5.755792843353780830e-01 5.656067000000000001e-05
5.766470627054036679e-01 5.622012099999999806e-05
5.777103371062706216e-01 5.691277800000000149e-05
5.787682362702942784e-01 5.587959800000000065e-05
5.798365585589735360e-01 5.671698600000000097e-05
5.808789011567018212e-01 5.672606099999999885e-05
5.819193334520393890e-01 5.746343800000000004e-05
5.829507934517181855e-01 5.639780700000000319e-05
5.839722510469357308e-01 5.625590299999999941e-05
5.849909006118974020e-01 5.706122400000000078e-05
5.860016675395132157e-01 5.679214299999999887e-05
5.870071761143615952e-01 5.662575999999999976e-05
5.880035001717143217e-01 5.646284300000000187e-05
5.889945434554101356e-01 5.741089900000000010e-05
5.899787340534097257e-01 5.800630100000000338e-05
5.909542872864250729e-01 5.735772200000000161e-05
5.919247671227837460e-01 5.726082800000000233e-05
5.928891289909659079e-01 5.664562500000000028e-05
5.938493431465565742e-01 5.629473999999999763e-05
5.948004029339192256e-01 5.700631999999999802e-05
5.957450497756398011e-01 5.702728800000000253e-05
5.966844864269177373e-01 5.666584999999999889e-05
5.976147995295364446e-01 5.652666499999999965e-05
5.985384331931666857e-01 5.716566999999999845e-05
5.994565694610292095e-01 5.663483999999999798e-05
6.003772199229592266e-01 5.723048999999999964e-05
6.012813725822466759e-01 5.735831700000000257e-05
6.021783279102661535e-01 5.735442900000000028e-05
6.030685492793859126e-01 5.646521499999999704e-05
6.039598353086816918e-01 5.708842700000000100e-05
6.048497159836807580e-01 5.641242099999999959e-05
6.057206440354458987e-01 5.676579700000000304e-05
6.065854538031144605e-01 5.670649599999999898e-05
6.074410039065691880e-01 5.775316900000000318e-05
6.082910965148393689e-01 5.763918099999999664e-05
6.091343761521951228e-01 5.728636299999999971e-05
6.099717022543995615e-01 5.652678800000000283e-05
6.108006742492486651e-01 5.626008300000000044e-05
6.116320025695292095e-01 5.680819899999999992e-05
6.124493462692977008e-01 5.775796500000000258e-05
6.132577048331770975e-01 5.745324299999999835e-05
6.140598303319756424e-01 5.733378700000000096e-05
6.148647817446183383e-01 5.836711800000000152e-05
6.156522401187168869e-01 5.814224299999999802e-05
6.164328174524207338e-01 5.828982800000000213e-05
6.172485151463796837e-01 5.759809100000000208e-05
6.180175166800345732e-01 5.782571900000000302e-05
6.187775903753645057e-01 5.747650200000000321e-05
6.195315193986475899e-01 5.832557300000000225e-05
6.202643557959648390e-01 5.877372700000000331e-05
6.207749940726190463e-01 5.865297800000000221e-05
