5.172901027269011937e-02 8.466818400000000189e-01
5.207200673107729993e-02 8.454796999999999452e-01
5.326492684553535417e-02 8.402560100000000531e-01
5.526783289387899450e-02 8.153000400000000036e-01
5.746510524059793984e-02 6.860363200000000328e-01
5.966230763638131346e-02 5.009881499999999654e-01
6.185884215191179980e-02 3.768482100000000168e-01
6.405582947095683766e-02 2.961663800000000069e-01
6.625324387052111685e-02 2.445932000000000106e-01
6.845048730918688873e-02 2.130476699999999946e-01
7.064467430723034291e-02 1.938651700000000033e-01
7.283521089020797423e-02 1.837041600000000052e-01
7.503122165756222206e-02 1.797420399999999918e-01
7.721610426424911633e-02 1.796207400000000010e-01
7.941155084102206885e-02 1.824039899999999881e-01
8.159982400365559108e-02 1.866557899999999881e-01
8.378547258292351474e-02 1.918282400000000110e-01
8.597703102942860776e-02 1.972834199999999871e-01
8.816249178581403445e-02 2.022417599999999926e-01
9.034981630230080885e-02 2.075154899999999969e-01
9.253441883940452528e-02 2.121694299999999922e-01
9.471343039369167771e-02 2.165698299999999910e-01
9.689536989056729555e-02 2.199444600000000083e-01
9.907850057163672397e-02 2.222141499999999992e-01
1.012554036090567294e-01 2.241371500000000072e-01
1.034300402355093906e-01 2.251038800000000062e-01
1.056057955757271072e-01 2.248884600000000122e-01
1.077826416661429587e-01 2.236282099999999939e-01
1.099599831004226952e-01 2.213448500000000096e-01
1.121332568007062380e-01 2.178292500000000020e-01
1.143058431974990768e-01 2.133765599999999929e-01
1.164760180661471578e-01 2.080694999999999906e-01
1.186477209287898210e-01 2.019420399999999893e-01
1.208175286068892684e-01 1.950027000000000010e-01
1.229842873280616727e-01 1.872598000000000040e-01
1.251519303468183186e-01 1.788909999999999945e-01
1.273159127953931158e-01 1.700078499999999881e-01
1.294829847429089520e-01 1.606689900000000115e-01
1.316435287252553099e-01 1.509805100000000122e-01
1.338093619659568301e-01 1.411475299999999933e-01
1.359691863409274726e-01 1.312264700000000117e-01
1.381308633733654423e-01 1.213663499999999978e-01
1.403264057238326201e-01 1.114706699999999939e-01
1.425180723082996592e-01 1.018229900000000021e-01
1.446744081761097145e-01 9.263834799999999536e-02
1.468268757990069950e-01 8.390775100000000264e-02
1.489748956876987829e-01 7.558392899999999415e-02
1.511262908671207328e-01 6.774099000000000093e-02
1.532715122311062994e-01 6.041907500000000264e-02
1.554172561887724180e-01 5.363400100000000059e-02
1.575606998498752798e-01 4.741996400000000195e-02
1.597029370263080561e-01 4.181658700000000228e-02
1.618445000758023389e-01 3.671685799999999805e-02
1.639853621554585861e-01 3.212599599999999694e-02
1.661193716189195424e-01 2.798699400000000115e-02
1.682726640112369165e-01 2.436786599999999844e-02
1.704068081571912807e-01 2.121662300000000043e-02
1.725373748066644786e-01 1.846964400000000034e-02
1.746704474061285539e-01 1.609846200000000088e-02
1.768353666380461375e-01 1.401353699999999952e-02
1.789550406133711136e-01 1.226569599999999954e-02
1.810815713843002273e-01 1.081079799999999994e-02
1.832021977017577741e-01 9.586623699999999651e-03
1.853185634728934106e-01 8.554715600000000267e-03
1.874394773832715189e-01 7.673992600000000344e-03
1.895522214430129804e-01 6.946090999999999724e-03
1.916666993743046665e-01 6.343166899999999782e-03
1.937707769144599024e-01 5.846372600000000058e-03
1.958847829649630334e-01 5.424483600000000114e-03
1.979916432520804626e-01 5.054329199999999835e-03
2.000929943565860070e-01 4.735071000000000419e-03
2.021904661508187317e-01 4.467617499999999853e-03
2.042922461359536201e-01 4.227573299999999763e-03
2.063862676289892895e-01 4.009414799999999612e-03
2.084992711009169275e-01 3.806820900000000129e-03
2.105940864997803696e-01 3.620013899999999923e-03
2.126821802546705609e-01 3.451341900000000004e-03
2.147744233636382782e-01 3.297319600000000149e-03
2.168963065988754602e-01 3.152527899999999893e-03
2.189787706568028791e-01 3.028563399999999878e-03
2.210566138950154358e-01 2.915793099999999891e-03
2.231352348587631595e-01 2.819866900000000173e-03
2.252118948105857887e-01 2.741784200000000216e-03
2.272871085784860246e-01 2.684738199999999950e-03
2.293549152489265663e-01 2.649810500000000010e-03
2.314239297087911096e-01 2.633932600000000058e-03
2.334844293409472360e-01 2.637154799999999900e-03
2.355751051676923669e-01 2.670838300000000134e-03
2.376346249464904303e-01 2.726417599999999847e-03
2.396871952523483562e-01 2.803798799999999980e-03
2.417435156664253515e-01 2.901072000000000199e-03
2.438179712380959818e-01 3.022125000000000072e-03
2.458650772574670351e-01 3.160500899999999988e-03
2.479392891275219446e-01 3.315749800000000053e-03
2.499882863040857051e-01 3.485887300000000116e-03
2.520254292285291076e-01 3.664238099999999818e-03
2.540571036170417019e-01 3.853006700000000204e-03
2.560928411935638471e-01 4.047600299999999825e-03
2.581288840679097918e-01 4.245271899999999987e-03
2.601572657353349305e-01 4.441860100000000200e-03
2.621832630230250261e-01 4.632691399999999682e-03
2.642463859304478024e-01 4.815394500000000355e-03
2.662627442265074751e-01 4.986641400000000127e-03
2.682792846431378275e-01 5.140816700000000114e-03
2.702912474920086683e-01 5.285673200000000349e-03
2.723337245804491324e-01 5.408663299999999854e-03
2.743437574086863839e-01 5.509652200000000367e-03
2.763517558780824723e-01 5.587990999999999618e-03
2.783514337978771347e-01 5.646255099999999798e-03
2.803485213836904300e-01 5.681802900000000427e-03
2.823476732301740677e-01 5.687474900000000395e-03
2.843358646469332229e-01 5.666262699999999840e-03
2.863302135839931317e-01 5.621662099999999961e-03
2.883166819743623321e-01 5.553638100000000098e-03
2.903149003123364214e-01 5.468853800000000355e-03
2.922902184886970733e-01 5.356402300000000227e-03
2.942638212247953300e-01 5.217834999999999661e-03
2.962742289623168102e-01 5.063872999999999985e-03
2.982396282434532919e-01 4.894370799999999723e-03
3.001991398270939526e-01 4.715042400000000154e-03
3.021640053120128733e-01 4.521631499999999651e-03
3.041265004211775036e-01 4.311764699999999853e-03
3.060881265738734647e-01 4.097228799999999907e-03
3.080407091129876984e-01 3.877255999999999932e-03
3.099898415401347584e-01 3.660364599999999923e-03
3.119349951360977369e-01 3.431071099999999981e-03
3.138989194976471442e-01 3.206764300000000071e-03
3.158410674488538739e-01 2.980289100000000149e-03
3.177766402944660062e-01 2.764162499999999866e-03
3.197061361910802924e-01 2.551897699999999825e-03
3.216747493517536083e-01 2.341092999999999820e-03
3.235959945357119172e-01 2.144038899999999893e-03
3.255196308320338905e-01 1.952232699999999948e-03
3.274351153444573503e-01 1.773569999999999921e-03
3.293464398290198991e-01 1.603730199999999894e-03
3.312590579210950570e-01 1.447436099999999896e-03
3.331619963029608389e-01 1.299454200000000085e-03
3.350666655972063812e-01 1.163212500000000010e-03
3.369646050711333496e-01 1.035059600000000054e-03
3.388795013595176098e-01 9.220724399999999940e-04
3.407708188595230392e-01 8.189275900000000290e-04
3.426563514751078121e-01 7.267639900000000090e-04
3.445405050133213964e-01 6.415621100000000292e-04
3.464555520458131865e-01 5.682054000000000401e-04
3.483357945633135944e-01 5.092028899999999619e-04
3.502077279711536262e-01 4.561116700000000172e-04
3.520776827590848534e-01 4.095655200000000089e-04
3.539393151221388867e-01 3.699022900000000034e-04
3.557974759538155007e-01 3.362862400000000019e-04
3.576521413681623685e-01 3.089025100000000268e-04
3.595047343885406366e-01 2.887179000000000026e-04
3.613532966896588761e-01 2.718980000000000181e-04
3.632174949878673731e-01 2.595873499999999906e-04
3.650540571910111387e-01 2.495647799999999982e-04
3.668908459167646297e-01 2.439584000000000121e-04
3.687216110871055497e-01 2.394688800000000124e-04
3.705839397099735533e-01 2.383747100000000005e-04
3.724044487502967682e-01 2.382494899999999956e-04
3.742222187538277178e-01 2.388269700000000069e-04
3.760391099766798306e-01 2.408141900000000018e-04
3.778513070060321444e-01 2.438534500000000022e-04
3.796569112433047510e-01 2.483764399999999987e-04
3.814596733124416272e-01 2.507781500000000005e-04
3.832581585064638308e-01 2.537245600000000243e-04
3.850467421584888861e-01 2.569182499999999995e-04
3.868529335662074242e-01 2.605097799999999959e-04
3.886389060551070362e-01 2.630044200000000070e-04
3.904182007322512526e-01 2.665360299999999859e-04
3.921959021670052281e-01 2.696343600000000122e-04
3.939968817498685216e-01 2.716063099999999823e-04
3.957661505189352114e-01 2.748965999999999931e-04
3.975295980398400597e-01 2.775992099999999838e-04
3.992872149721942709e-01 2.795623899999999775e-04
4.010380787502493827e-01 2.816002099999999884e-04
4.027899309487169011e-01 2.838785000000000028e-04
4.045363490513209648e-01 2.876583300000000259e-04
4.062777736774052517e-01 2.905628599999999931e-04
4.080128329963498279e-01 2.945354799999999910e-04
4.097672145542438638e-01 2.978646100000000084e-04
4.114935056305366046e-01 3.030731799999999889e-04
4.132156362413195172e-01 3.068767900000000221e-04
4.149277708034592171e-01 3.120066599999999995e-04
4.166736326485367403e-01 3.168893600000000197e-04
4.183835171284097099e-01 3.229423299999999815e-04
4.200855992834073849e-01 3.305163200000000136e-04
4.217856346180048344e-01 3.343167800000000026e-04
4.234760852006814180e-01 3.418125500000000110e-04
4.251666472826877707e-01 3.492268000000000087e-04
4.268467369666594791e-01 3.570868000000000046e-04
4.285264408576092698e-01 3.632869600000000038e-04
4.301982906658066708e-01 3.721458500000000141e-04
4.318701194154280221e-01 3.786367600000000106e-04
4.335336307011383172e-01 3.865358799999999784e-04
4.351944549766599835e-01 3.943699799999999785e-04
4.368491071021936012e-01 4.005076499999999837e-04
4.384988689895906733e-01 4.077715300000000196e-04
4.401462924194143866e-01 4.132808700000000206e-04
4.417879190986839788e-01 4.212755200000000170e-04
4.434211835876657459e-01 4.274248700000000262e-04
4.450533150908606572e-01 4.298787500000000048e-04
4.466783355497241925e-01 4.360246700000000044e-04
4.482970900767636047e-01 4.390415299999999828e-04
4.499112546408675639e-01 4.412948199999999831e-04
4.515413506649728070e-01 4.438352099999999826e-04
4.531466225922211599e-01 4.464190499999999995e-04
4.547472357926108377e-01 4.452559400000000167e-04
4.563410920148087135e-01 4.449545099999999771e-04
4.579575779318914019e-01 4.434670800000000204e-04
4.595415330469049264e-01 4.429103700000000120e-04
4.611219914892719096e-01 4.386537499999999877e-04
4.626964601387950071e-01 4.357930499999999830e-04
4.642677891191560047e-01 4.313022899999999779e-04
4.658326831597298656e-01 4.262733999999999903e-04
4.673915427458655847e-01 4.194031399999999785e-04
4.689447630282970181e-01 4.115289899999999821e-04
4.704935399064003043e-01 4.043703399999999757e-04
4.720515048395417246e-01 3.961753300000000035e-04
4.735892696829082094e-01 3.880220000000000197e-04
4.751233258595252140e-01 3.769845899999999948e-04
4.766484718320672109e-01 3.673149199999999970e-04
4.781983975077384597e-01 3.583031899999999741e-04
4.797143498521637683e-01 3.463750199999999775e-04
4.812253254047188511e-01 3.345100900000000138e-04
4.827305192592967198e-01 3.222433200000000201e-04
4.842314806879163269e-01 3.119930600000000239e-04
4.857281801472492222e-01 3.004528200000000193e-04
4.872174869960320120e-01 2.890191500000000024e-04
4.887009507100134043e-01 2.757228999999999822e-04
4.901789437386079307e-01 2.641238199999999814e-04
4.916675498273612166e-01 2.528539000000000220e-04
4.931364009978045360e-01 2.406329999999999982e-04
4.945936301915266342e-01 2.267892199999999882e-04
4.960536926525644374e-01 2.152192900000000073e-04
4.975293124139461010e-01 2.059454800000000006e-04
4.989717137502578947e-01 1.945201600000000123e-04
5.004122930721693896e-01 1.828840399999999953e-04
5.018435273835807342e-01 1.731061400000000021e-04
5.032736217067512730e-01 1.627193799999999979e-04
5.047006560364762917e-01 1.525576700000000026e-04
5.061194210904162993e-01 1.438230999999999885e-04
5.075295647226872875e-01 1.352466300000000024e-04
5.089347643578597813e-01 1.274786600000000071e-04
5.103342668034234197e-01 1.192154899999999966e-04
5.117255168695800105e-01 1.121172299999999999e-04
5.131139497674427341e-01 1.055472400000000008e-04
5.144962759022568832e-01 9.750740799999999605e-05
5.158749923197416543e-01 9.151820499999999429e-05
5.172454183222069402e-01 8.642174199999999443e-05
5.186097018551877325e-01 8.096986599999999906e-05
5.199681859492725211e-01 7.637158400000000201e-05
5.213219121103929155e-01 7.213204500000000303e-05
5.226666429888099374e-01 6.710441799999999663e-05
5.240079916428311835e-01 6.459645599999999687e-05
5.253413915139021340e-01 6.019881299999999924e-05
5.266910829239307423e-01 5.748869000000000337e-05
5.280147181782520738e-01 5.549085900000000213e-05
5.293324457383861148e-01 5.320604300000000283e-05
5.306425435261074020e-01 5.118120900000000181e-05
5.319739119331773347e-01 4.803075799999999941e-05
5.333292003755240041e-01 4.798245199999999879e-05
5.346211021465416824e-01 4.586535300000000112e-05
5.359080433464629145e-01 4.510043099999999747e-05
5.371899955368099056e-01 4.497984899999999992e-05
5.384685903074917235e-01 4.470882400000000025e-05
5.397391495104656434e-01 4.375231199999999731e-05
5.410030026759572452e-01 4.282972900000000025e-05
5.422617814857960683e-01 4.315458000000000043e-05
5.435138291572584324e-01 4.355970500000000276e-05
5.447724288408376525e-01 4.387532100000000065e-05
5.460119030420178543e-01 4.411978299999999743e-05
5.472446232139214217e-01 4.387355500000000315e-05
5.484737780739544766e-01 4.521958700000000097e-05
5.497180578777288718e-01 4.516622700000000188e-05
5.509328768159651446e-01 4.474819899999999681e-05
5.521396417750763508e-01 4.569454900000000173e-05
5.533433735165654843e-01 4.642805399999999768e-05
5.545396531760904413e-01 4.757078100000000339e-05
5.557322018265645758e-01 4.812272500000000096e-05
5.569148079088335201e-01 4.819009900000000192e-05
5.580918053707890625e-01 4.884243300000000210e-05
5.592640854011035056e-01 5.016036899999999686e-05
5.604285796939511011e-01 5.040652300000000223e-05
5.615865054686597357e-01 5.091367400000000235e-05
5.627381544864957785e-01 5.211308699999999859e-05
5.638844083219027858e-01 5.242853900000000127e-05
5.650246463424268839e-01 5.301601400000000025e-05
5.661588508317062507e-01 5.367400899999999936e-05
5.672837789920569529e-01 5.442626899999999951e-05
5.684055901889943918e-01 5.384599600000000155e-05
5.695207386235477953e-01 5.449728700000000195e-05
5.706277757311071230e-01 5.521407599999999811e-05
5.717284383581955343e-01 5.531823900000000174e-05
5.728235688379391677e-01 5.591897099999999841e-05
5.739111574684726547e-01 5.635996500000000004e-05
5.749929013435736147e-01 5.599098199999999714e-05
5.760687783171070109e-01 5.696798899999999725e-05
5.771396007610299916e-01 5.671214499999999842e-05
5.782020136905068330e-01 5.594940700000000254e-05
5.792601624494282397e-01 5.625831799999999895e-05
5.803077134474540211e-01 5.754811899999999741e-05
5.813550443290816938e-01 5.760569599999999877e-05
5.823912383159450812e-01 5.780221700000000014e-05
5.834265542671387417e-01 5.905156499999999982e-05
5.844470263301549950e-01 5.801327500000000065e-05
5.854631202761981790e-01 5.903228100000000199e-05
5.864850355333186549e-01 5.779559699999999782e-05
5.874887544642555248e-01 5.857739999999999925e-05
5.884879825369928597e-01 5.925559799999999678e-05
5.894811210831955028e-01 5.817729700000000130e-05
5.904837621978317186e-01 5.849590200000000229e-05
5.914617552767963415e-01 5.917707799999999944e-05
5.924321173554767395e-01 5.961761200000000277e-05
5.933983690086659379e-01 5.885476300000000319e-05
5.943584551980393149e-01 5.880549400000000161e-05
5.953101291496714076e-01 5.862753099999999879e-05
5.962536622352007099e-01 5.939690399999999804e-05
5.971924885067434463e-01 5.927775800000000201e-05
5.981236508970116938e-01 6.002493600000000036e-05
5.990574930497870598e-01 5.898218600000000090e-05
5.999761468095807793e-01 5.905496600000000328e-05
6.008880737166266695e-01 5.883171200000000069e-05
6.017932635465211844e-01 6.028556799999999668e-05
6.027061681477953181e-01 5.962753500000000034e-05
6.035977441826215761e-01 5.781530399999999949e-05
6.044825527598317594e-01 5.995640699999999992e-05
6.053587603545914630e-01 5.913299299999999866e-05
6.062291137601049096e-01 6.031308099999999826e-05
6.070944796606413396e-01 6.021876700000000328e-05
6.079510209884674277e-01 6.010779899999999794e-05
6.088016472446661220e-01 6.085851099999999687e-05
6.096443558508944927e-01 6.101591000000000040e-05
6.104811197708267523e-01 5.988713300000000157e-05
6.113116927376430754e-01 6.152543999999999483e-05
6.121345532749821183e-01 6.070135999999999848e-05
6.129505613690210408e-01 6.012610699999999933e-05
6.137590774348600231e-01 6.014092699999999930e-05
6.145621921212538474e-01 6.137694499999999482e-05
6.153668813222382683e-01 6.056431800000000143e-05
6.161546921376156449e-01 6.106139400000000148e-05
6.169376457118537216e-01 6.091608599999999944e-05
6.177118576141674700e-01 6.091392899999999898e-05
6.184891279579933787e-01 6.173505699999999347e-05
6.192488331346320818e-01 6.275632700000000140e-05
6.200035812631042864e-01 6.273811000000000231e-05
6.207366344597982089e-01 6.115171199999999880e-05
6.212509720497058074e-01 6.076364999999999886e-05
