7.048246864724237726e-02 8.260589299999999691e-01
7.268276056659142559e-02 7.475845500000000143e-01
7.488166418117257750e-02 6.557028099999999693e-01
7.707858273534735905e-02 5.820094900000000182e-01
7.927578303588883601e-02 5.231826099999999924e-01
8.147037765059905734e-02 4.760337700000000227e-01
8.365719572009583382e-02 4.377334700000000134e-01
8.584822933958431712e-02 4.061686199999999802e-01
8.803716035928889350e-02 3.808059599999999989e-01
9.022567971422931765e-02 3.600986199999999804e-01
9.241718828349422543e-02 3.434603399999999751e-01
9.460252398133586760e-02 3.297620199999999890e-01
9.679136770420643243e-02 3.178574599999999806e-01
9.897741624186640053e-02 3.072062500000000140e-01
1.011623573704211326e-01 2.978999600000000192e-01
1.033473058217869028e-01 2.891713200000000095e-01
1.055265424901797172e-01 2.808529300000000006e-01
1.077131367671776280e-01 2.726117699999999755e-01
1.098922650268556178e-01 2.640814899999999743e-01
1.120752800189420140e-01 2.553219899999999987e-01
1.142541964723939180e-01 2.462393099999999890e-01
1.164414835216410066e-01 2.368433000000000066e-01
1.186200796881519554e-01 2.270084400000000058e-01
1.207928087665649936e-01 2.166697499999999943e-01
1.229664542170743752e-01 2.059458100000000069e-01
1.251381561701751799e-01 1.947076500000000099e-01
1.273480688048297116e-01 1.832528599999999896e-01
1.295485864112633501e-01 1.715284800000000109e-01
1.317419600489263265e-01 1.598338800000000115e-01
1.339095404212501117e-01 1.477906599999999904e-01
1.361388233189645969e-01 1.361960200000000010e-01
1.383005121855140629e-01 1.248822400000000055e-01
1.404600909760661820e-01 1.138490000000000058e-01
1.426209153403472651e-01 1.031809100000000007e-01
1.447818295139632339e-01 9.285626499999999339e-02
1.469540503861320735e-01 8.317992100000000388e-02
1.491116804366659776e-01 7.406037199999999932e-02
1.512653914299390556e-01 6.554304399999999475e-02
1.534218956493718922e-01 5.765549799999999947e-02
1.555957304419859355e-01 5.032383700000000321e-02
1.577459437116024432e-01 4.377373600000000059e-02
1.599380319218247359e-01 3.779790799999999812e-02
1.621109214159402734e-01 3.254765099999999689e-02
1.642540183913689666e-01 2.796233700000000030e-02
1.663936013788569479e-01 2.392361900000000013e-02
1.685318812581195480e-01 2.042333299999999838e-02
1.706877746613519320e-01 1.744848099999999833e-02
1.728255815385035254e-01 1.496038499999999966e-02
1.749592242743156223e-01 1.287514300000000035e-02
1.771147977673502849e-01 1.118265000000000058e-02
1.792455852343421974e-01 9.825531400000000332e-03
1.813726994069538023e-01 8.776620400000000738e-03
1.834966752184354899e-01 7.976264599999999608e-03
1.856208129193956391e-01 7.387832199999999627e-03
1.877417647043919391e-01 6.956619699999999629e-03
1.898716622402095988e-01 6.667557400000000307e-03
1.920634207958691886e-01 6.502532899999999977e-03
1.941762548852986048e-01 6.430609599999999662e-03
1.962929759287420639e-01 6.412771099999999870e-03
1.984047400253642346e-01 6.425786099999999772e-03
2.005098836546099217e-01 6.469492700000000103e-03
2.026193754713316308e-01 6.522683599999999811e-03
2.047392019591978418e-01 6.588377400000000432e-03
2.068545097033905045e-01 6.631683200000000264e-03
2.089598110169600120e-01 6.664159400000000365e-03
2.110605725755503037e-01 6.673098399999999840e-03
2.131535029697420314e-01 6.664866900000000066e-03
2.152811254584578726e-01 6.632174600000000433e-03
2.173708560842782800e-01 6.584164099999999589e-03
2.194630477134591751e-01 6.515068500000000332e-03
2.215473366685775103e-01 6.427360400000000154e-03
2.236275175643025470e-01 6.328716100000000323e-03
2.257095350536965916e-01 6.214778500000000400e-03
2.277836058558604937e-01 6.095127799999999936e-03
2.298605401676976634e-01 5.971647600000000271e-03
2.319332746281205782e-01 5.847283699999999800e-03
2.340055673138402570e-01 5.724942999999999699e-03
2.360725390984124983e-01 5.607518899999999577e-03
2.381363288880177786e-01 5.503623200000000090e-03
2.402533250117667996e-01 5.403307700000000227e-03
2.423224172317320346e-01 5.318008699999999742e-03
2.443818030223753601e-01 5.240226700000000411e-03
2.464395132896479990e-01 5.183061899999999965e-03
2.484960549406461938e-01 5.141717999999999983e-03
2.505444611071527827e-01 5.108940600000000387e-03
2.525900596664990005e-01 5.083482099999999879e-03
2.546700780441044643e-01 5.072039100000000009e-03
2.567072833965971523e-01 5.070661500000000349e-03
2.587432115040805836e-01 5.081539599999999705e-03
2.607767730357154479e-01 5.095910999999999844e-03
2.628132341211477097e-01 5.113864299999999752e-03
2.648377528554837768e-01 5.127480700000000037e-03
2.668614249221827328e-01 5.144864100000000329e-03
2.688773700912689968e-01 5.160452299999999937e-03
2.708950550801195734e-01 5.169318299999999672e-03
2.729133856259280400e-01 5.173638300000000037e-03
2.749286515165115796e-01 5.158084999999999753e-03
2.769334996884663669e-01 5.140381599999999628e-03
2.789404886257067506e-01 5.110941699999999727e-03
2.809396539734753673e-01 5.071576099999999983e-03
2.829403762406475509e-01 5.009049599999999998e-03
2.849618624975225889e-01 4.934054400000000354e-03
2.869546242478899778e-01 4.841412800000000072e-03
2.889498804073942773e-01 4.737704700000000373e-03
2.909330826648903745e-01 4.622469700000000382e-03
2.929244126148158323e-01 4.486038900000000225e-03
2.949485623255647671e-01 4.338038199999999858e-03
2.969254716459436283e-01 4.176515700000000240e-03
2.989150009988795209e-01 4.009630800000000411e-03
3.008903477080916988e-01 3.834044600000000198e-03
3.028541076487878403e-01 3.647198899999999806e-03
3.048231863426429933e-01 3.457793399999999941e-03
3.068153930306989907e-01 3.255188000000000005e-03
3.087887557847956432e-01 3.054515099999999869e-03
3.107407889592301298e-01 2.856314999999999896e-03
3.127081445814733351e-01 2.656389400000000022e-03
3.146653430132996809e-01 2.459034399999999836e-03
3.166042989878717906e-01 2.262136499999999831e-03
3.185422500411999591e-01 2.074084700000000149e-03
3.205129502217272663e-01 1.889105299999999966e-03
3.224436877974816706e-01 1.714897400000000086e-03
3.243743366154261953e-01 1.544691800000000002e-03
3.262993388782568505e-01 1.387245000000000058e-03
3.282166823215788565e-01 1.235463200000000081e-03
3.301393571752883060e-01 1.095755099999999940e-03
3.320553235335421127e-01 9.686517799999999796e-04
3.339640796928267097e-01 8.469697600000000411e-04
3.358700945347867228e-01 7.384124100000000190e-04
3.377728451940085197e-01 6.394000199999999579e-04
3.396728020803372328e-01 5.532137699999999493e-04
3.415704316291262588e-01 4.789529200000000012e-04
3.434770349861668293e-01 4.126506499999999791e-04
3.453984115309964298e-01 3.535276900000000264e-04
3.472814354895069622e-01 3.046159799999999837e-04
3.491605718609940845e-01 2.643699299999999999e-04
3.510387311643198283e-01 2.332108099999999871e-04
3.529095355682937418e-01 2.078813899999999975e-04
3.547793106261220020e-01 1.890655100000000017e-04
3.566412198708313053e-01 1.772413500000000035e-04
3.584991429972739785e-01 1.694823700000000000e-04
3.603554762369677311e-01 1.673512099999999918e-04
3.622058419490619685e-01 1.683243599999999945e-04
3.640531198032888049e-01 1.743095399999999981e-04
3.658948816655862024e-01 1.802252100000000044e-04
3.677339914294381895e-01 1.893365400000000017e-04
3.695708969391744425e-01 1.998641199999999908e-04
3.714031797209269015e-01 2.126233899999999870e-04
3.732627071856905454e-01 2.251336300000000043e-04
3.750827707510415721e-01 2.381024799999999979e-04
3.769010149233817941e-01 2.519021299999999971e-04
3.787509559163353967e-01 2.644525799999999948e-04
3.805573570005230111e-01 2.772787700000000103e-04
3.823642170178196964e-01 2.889029900000000079e-04
3.841677284711427220e-01 2.981160700000000082e-04
3.859622471777299779e-01 3.094030399999999812e-04
3.877552583987563528e-01 3.172855299999999918e-04
3.895457900414681096e-01 3.254867599999999926e-04
3.913282320191470154e-01 3.305165800000000047e-04
3.931076908477973975e-01 3.354924099999999939e-04
3.948855235044786971e-01 3.389741000000000043e-04
3.966764488610217687e-01 3.428714200000000201e-04
3.984425883447381689e-01 3.442217799999999967e-04
4.002047264310344965e-01 3.434527099999999862e-04
4.019619244179545303e-01 3.435676899999999794e-04
4.037438417634412469e-01 3.433892800000000077e-04
4.054914897690938269e-01 3.423241400000000072e-04
4.072350551025812893e-01 3.391601800000000112e-04
4.089745146863984493e-01 3.371176900000000124e-04
4.107075865525925962e-01 3.338664899999999850e-04
4.124387714965415674e-01 3.294745999999999981e-04
4.141639841130134725e-01 3.264809499999999764e-04
4.158859049198789237e-01 3.233359500000000056e-04
4.176031628693003817e-01 3.197883699999999802e-04
4.193108357661753383e-01 3.161575799999999750e-04
4.210187237974254981e-01 3.141148900000000164e-04
4.227223346858284270e-01 3.093644399999999914e-04
4.244220876460567671e-01 3.063985800000000028e-04
4.261144299087345488e-01 3.039486699999999902e-04
4.278011230283556565e-01 3.017860300000000024e-04
4.295040695292167698e-01 2.990805899999999899e-04
4.311819896755419435e-01 2.971928999999999782e-04
4.328529042585633202e-01 2.944332799999999973e-04
4.345246342996712530e-01 2.936047499999999743e-04
4.362144395240300510e-01 2.929518400000000124e-04
4.378711309807459817e-01 2.902805799999999786e-04
4.395306824321927319e-01 2.899976599999999735e-04
4.411792667972269100e-01 2.897483099999999994e-04
4.428220563363603479e-01 2.882320300000000167e-04
4.444645883162069988e-01 2.876448900000000072e-04
4.460957395424529071e-01 2.888294400000000262e-04
4.477244575819097072e-01 2.861740600000000192e-04
4.493485864873074664e-01 2.857914000000000027e-04
4.509676826068108046e-01 2.853994400000000133e-04
4.525813075938971419e-01 2.837357900000000077e-04
4.541919606706311119e-01 2.827762299999999934e-04
4.557954283090880354e-01 2.805178500000000030e-04
4.573929611663246075e-01 2.803311000000000171e-04
4.589895280234263519e-01 2.777329899999999912e-04
4.605908601949172398e-01 2.753255399999999945e-04
4.621741723826419124e-01 2.721688299999999771e-04
4.637518973031615199e-01 2.701078000000000094e-04
4.653272971516063117e-01 2.664244699999999879e-04
4.669268519525980876e-01 2.643435199999999820e-04
4.684904593665099037e-01 2.586065799999999969e-04
4.700504327711680363e-01 2.562329299999999794e-04
4.716014865701170233e-01 2.519521200000000112e-04
4.731476664458119097e-01 2.461792099999999899e-04
4.746853400739527995e-01 2.422844099999999878e-04
4.762257184921102060e-01 2.371057400000000119e-04
4.777531623948627071e-01 2.308785900000000083e-04
4.792780568986644840e-01 2.244024200000000130e-04
4.808082680457609892e-01 2.200223699999999871e-04
4.823243482317344788e-01 2.133486199999999936e-04
4.838365862144162199e-01 2.082276800000000040e-04
4.853429911276659903e-01 2.010503400000000047e-04
4.868646074600477824e-01 1.940771200000000003e-04
4.883565116910787429e-01 1.882025600000000103e-04
4.898452744564156802e-01 1.829184199999999880e-04
4.913254542025319305e-01 1.752750799999999970e-04
4.928001424875975700e-01 1.691722299999999881e-04
4.942704711603046475e-01 1.632301400000000038e-04
4.957345041374427441e-01 1.564233000000000106e-04
4.971926135980710426e-01 1.497839199999999955e-04
4.986497071639558465e-01 1.431979899999999927e-04
5.001000615410315930e-01 1.381841600000000014e-04
5.015402940476232363e-01 1.310592099999999943e-04
5.029775479825474571e-01 1.246816400000000120e-04
5.044065604917794543e-01 1.205574699999999969e-04
5.058321707430705194e-01 1.147160999999999976e-04
5.072517489191353812e-01 1.092081499999999990e-04
5.086858985231312857e-01 1.043867699999999994e-04
5.100925618175434773e-01 9.924854700000000553e-05
5.114971812104501803e-01 9.474873000000000518e-05
5.128902415409772875e-01 9.091930100000000488e-05
5.143029427108918306e-01 8.600625400000000442e-05
5.156905960139196443e-01 8.260310399999999957e-05
5.170695855682114761e-01 7.912420699999999621e-05
5.184435080991104394e-01 7.580767400000000490e-05
5.198116269962749225e-01 7.165350899999999891e-05
5.211746360649439636e-01 6.878219599999999586e-05
5.225293335812026818e-01 6.687594999999999792e-05
5.238827666008015749e-01 6.460217200000000642e-05
5.252296106526409547e-01 6.188213399999999457e-05
5.265677691917405312e-01 5.991794500000000083e-05
5.278989985976342281e-01 5.776345899999999796e-05
5.292243339250966017e-01 5.640999700000000214e-05
5.305461670706607125e-01 5.452722400000000098e-05
5.318623971633519298e-01 5.355295999999999760e-05
5.331716419724044087e-01 5.264724500000000283e-05
5.344905185783374035e-01 5.226296599999999783e-05
5.357863896501878775e-01 5.180049999999999981e-05
5.370806434483654801e-01 5.072797799999999931e-05
5.383648436152970174e-01 4.976365400000000010e-05
5.396713178063543559e-01 4.923901200000000019e-05
5.409446602515809444e-01 4.888684099999999973e-05
5.422109550335612038e-01 4.797550200000000049e-05
5.434734829878327123e-01 4.752044500000000306e-05
5.447282788085665572e-01 4.780221599999999823e-05
5.459763269656416895e-01 4.872394999999999960e-05
5.472192395499044792e-01 4.870912600000000206e-05
5.484563448776533789e-01 4.866055700000000201e-05
5.496879443783676544e-01 4.886466600000000023e-05
5.509136961229563756e-01 4.870631999999999956e-05
5.521313634148872218e-01 4.976632100000000236e-05
5.533434837051918187e-01 4.907110600000000160e-05
5.545478382294433128e-01 4.969056300000000036e-05
5.557459979021376340e-01 5.062422499999999725e-05
5.569401221481213859e-01 5.052085400000000024e-05
5.581400437907854117e-01 5.102486700000000310e-05
5.593222166113206439e-01 5.070387300000000032e-05
5.604975008781081236e-01 5.121828799999999767e-05
5.616640701471781183e-01 5.126485599999999732e-05
5.628434066629632859e-01 5.143726699999999935e-05
5.639994210970192823e-01 5.222504999999999899e-05
5.651503108840582046e-01 5.170725899999999994e-05
5.662954488293927557e-01 5.276323699999999777e-05
5.674303785237336806e-01 5.322470300000000038e-05
5.685613241169753529e-01 5.255931299999999894e-05
5.696882330961412499e-01 5.340377000000000318e-05
5.708043693808327879e-01 5.321634299999999831e-05
5.719149959733951238e-01 5.268624199999999869e-05
5.730209471775629115e-01 5.373443000000000045e-05
5.741170401861510619e-01 5.282972599999999781e-05
5.752067297789598133e-01 5.376151799999999941e-05
5.762914149048328216e-01 5.435778099999999787e-05
5.773707776974379424e-01 5.442624500000000054e-05
5.784428339190892387e-01 5.380088699999999960e-05
5.795181184707034472e-01 5.462545200000000278e-05
5.805757824418112945e-01 5.494080599999999725e-05
5.816280625994739717e-01 5.497844699999999719e-05
5.826765591465360439e-01 5.433655699999999985e-05
5.837149912342214364e-01 5.409565399999999861e-05
5.847506670740260093e-01 5.495266400000000143e-05
5.857765630706858184e-01 5.424978000000000222e-05
5.867975032757027920e-01 5.377543799999999740e-05
5.878234581612926668e-01 5.351858100000000089e-05
5.888322002220232054e-01 5.351874900000000044e-05
5.898340665620398493e-01 5.298294800000000188e-05
5.908256929698206816e-01 5.366063500000000161e-05
5.918315159897687971e-01 5.310941799999999933e-05
5.928118576318084365e-01 5.384754400000000277e-05
5.937934090051455449e-01 5.303536899999999898e-05
5.947629271626432290e-01 5.331243700000000261e-05
5.957215092411797253e-01 5.310589799999999703e-05
5.966746863003601353e-01 5.145972899999999724e-05
5.976485084200156006e-01 5.245696100000000274e-05
5.985869146580353739e-01 5.192678499999999787e-05
5.995227685031830900e-01 5.267322999999999781e-05
6.004516352057207573e-01 5.211696399999999740e-05
6.013732705191013883e-01 5.142907099999999927e-05
6.022867253986237124e-01 5.260548099999999772e-05
6.031995586929104203e-01 5.116827300000000218e-05
6.041148942688459034e-01 5.215405899999999708e-05
6.050083831165212755e-01 5.121342500000000171e-05
6.059054476130670830e-01 5.122874500000000278e-05
6.067852802431831227e-01 5.170455500000000322e-05
6.076569498183534979e-01 5.008835099999999900e-05
6.085213779732316919e-01 5.044819799999999705e-05
6.093903891669769646e-01 5.062530999999999862e-05
6.102422350418726937e-01 5.101403999999999921e-05
6.110879081803157753e-01 5.028312000000000114e-05
6.119267298824203616e-01 5.003500999999999853e-05
6.127614978072615237e-01 4.953850899999999804e-05
6.135889206442806110e-01 5.064459899999999680e-05
6.144060271820248609e-01 4.956215599999999751e-05
6.152173157274205550e-01 5.038678000000000210e-05
6.160208715706553262e-01 5.011374400000000135e-05
6.168165003393578649e-01 4.970802800000000241e-05
6.176054509942540127e-01 4.993146499999999882e-05
6.183885226977408056e-01 4.909141599999999937e-05
6.191664857446019798e-01 4.887816899999999752e-05
6.199356875744240769e-01 4.926319100000000164e-05
6.206973558983936989e-01 4.948707699999999965e-05
6.214544399603144642e-01 4.926593899999999872e-05
6.221872422395849922e-01 4.953513300000000311e-05
6.226943391588353194e-01 5.032191400000000177e-05
